TrajectoryPlannerROS:
  max_vel_x: 0.1884955592
  min_vel_x: 0.09424777960769379
  max_rotational_vel: 0.3926990817
  min_in_place_rotational_vel: 0.3534291735288517
  oscillation_reset_dist: 0.05

  acc_lim_th: 5.0
  acc_lim_x: 4.0
  acc_lim_y: 4.0

  holonomic_robot: false
